       Sample Isotropic                    
 2 0 12  0  1.339600  1.00 1 0 0 0 0 0 0 0 0 0
 0.5 0.16
  0.474481  0.377003  0.484186
  0.089937  0.089644 1.00
  0.122485  0.122442 0.00
  0.123037  0.122853 1.00
  0.133300  0.133410 1.00
  0.136562  0.136824 1.00
  0.140502  0.140655 1.00
  0.144324  0.144500 1.00
0. 0. 0.
  0.150841  0.150807 1.00
  0.150964  0.151307 1.00
  0.162553  0.162583 1.00
  0.163018  0.163080 1.00
  0.164211  0.164315 1.00
  0.171321  0.171765 1.00
  0.190858  0.190915 1.00
  0.191871  0.191882 1.00
  0.194339  0.194282 1.00
  0.197951  0.197932 1.00
  0.198913  0.198763 1.00
  0.200511  0.200243 1.00
  0.203233  0.203574 1.00
  0.207026  0.206455 1.00
  0.207831  0.207621 1.00
  0.209198  0.209179 1.00
  0.209741  0.209528 1.00
