       Sample Isotropic                    
 2 0 12  0  1.339600  1.00 1 0 0 0 0 0 0 0 0 0
  0.522963  0.162878
  0.474481  0.377003  0.484186
  0.089937  0.089652 1.00
  0.122485  0.122452 0.00
  0.123037  0.122865 1.00
  0.133300  0.133424 1.00
  0.136562  0.136834 1.00
  0.140502  0.140666 1.00
  0.144324  0.144503 1.00
  0.000000  0.149675 0.00
  0.150841  0.150817 1.00
  0.150964  0.151325 1.00
  0.162553  0.162600 1.00
  0.163018  0.163070 1.00
  0.164211  0.164305 1.00
  0.171321  0.171782 1.00
  0.190858  0.190920 1.00
  0.191871  0.191886 1.00
  0.194339  0.194121 1.00
  0.197951  0.197765 1.00
  0.198913  0.198762 1.00
  0.200511  0.200241 1.00
  0.203233  0.203585 1.00
  0.207026  0.206429 1.00
  0.207831  0.207623 1.00
  0.209198  0.209190 1.00
  0.209741  0.209538 1.00
