 LANL RPRcode Ver. 6.0
       Sample Isotropic                  
free moduli are  c11, c44
using 12 order polynomials    mass=  1.3396 gm  rho=15.467 gm/cc
 
 n     fex      fr      %err  wt   k   i    df/d(moduli)
  1 0.089937 0.089652  -0.32 1.00  4   1  0.00  1.00
  2 0.122485 0.122452  -0.03 0.00  4   2  0.00  1.00
  3 0.123037 0.122865  -0.14 1.00  7   2  0.06  0.94
  4 0.133300 0.133424   0.09 1.00  2   2  0.02  0.98
  5 0.136562 0.136834   0.20 1.00  1   2  0.14  0.86
  6 0.140502 0.140666   0.12 1.00  6   2  0.13  0.87
  7 0.144324 0.144503   0.12 1.00  7   3  0.41  0.59
  8 0.000000 0.149675   0.00 0.00  8   2  0.01  0.99
  9 0.150841 0.150817  -0.02 1.00  3   2  0.01  0.99
 10 0.150964 0.151325   0.24 1.00  5   1  0.00  1.00
 11 0.162553 0.162600   0.03 1.00  5   2  0.07  0.93
 12 0.163018 0.163070   0.03 1.00  3   3  0.17  0.83
 13 0.164211 0.164305   0.06 1.00  8   3  0.17  0.83
 14 0.171321 0.171782   0.27 1.00  5   3  0.09  0.91
 15 0.190858 0.190920   0.03 1.00  1   3  0.26  0.74
 16 0.191871 0.191886   0.01 1.00  6   3  0.26  0.74
 17 0.194339 0.194121  -0.11 1.00  3   4  0.03  0.97
 18 0.197951 0.197765  -0.09 1.00  8   4  0.03  0.97
 19 0.198913 0.198762  -0.08 1.00  2   3  0.18  0.82
 20 0.200511 0.200241  -0.13 1.00  5   4  0.38  0.62
 21 0.203233 0.203585   0.17 1.00  4   3  0.07  0.93
 22 0.207026 0.206429  -0.29 1.00  7   4  0.13  0.87
 23 0.207831 0.207623  -0.10 1.00  5   5  0.39  0.61
 24 0.209198 0.209190   0.00 1.00  6   4  0.05  0.95
 25 0.209741 0.209538  -0.10 1.00  1   4  0.05  0.95
 
Bulk Modulus=    0.3058
 
   c11     c22     c33     c23     c13     c12     c44     c55     c66
 0.52296 0.52296 0.52296 0.19721 0.19721 0.19721 0.16288 0.16288 0.16288
 
   d1       d2       d3
  0.47448  0.37700  0.48419
 
 loop# 4  rms error=  0.1491 %, changed by -.0000014 %
 
 length of gradient vector=  0.000000  blamb=  0.000000
 
 eigenvalues          eigenvectors
      0.84082   1.00 0.04
    332.58167  -0.04 1.00
 
chisquare increased 2% by the following % changes in independent parameters
  0.30 -0.04
  0.00  0.05
