 LANL RPRcode Ver. 6.0
 Nickel Alloy India 3/30/2013            
free moduli are  c11, c22, c33, c23, c13, c12, c44, c55, c66
using 12 order polynomials    mass=  0.1126 gm  rho= 8.227 gm/cc
 
 n     fex      fr      %err  wt   k   i    df/d(moduli)
  1 0.530471 0.522099  -1.58 1.00  4   1  0.01  0.03  0.01 -0.02  0.00 -0.02  0.18  0.77  0.03
  2 0.638735 0.637671  -0.17 1.00  1   2  0.04  0.77  1.52 -1.44 -0.28  0.19  0.00  0.18  0.01
  3 0.644222 0.656429   1.89 1.00  4   2  0.02  0.01  0.05 -0.03 -0.04  0.01  0.42  0.03  0.52
  4 0.659349 0.663635   0.65 1.00  2   2  0.02  0.05  0.08 -0.07 -0.01 -0.02  0.00  0.95  0.00
  5 0.695141 0.703455   1.20 1.00  7   2  0.31  0.29  1.84 -0.98 -0.96  0.41  0.09  0.00  0.00
  6 0.762649 0.747928  -1.93 1.00  5   1  0.02  1.15  1.82 -1.94 -0.24  0.19  0.00  0.00  0.00
  7 0.787531 0.815151   3.51 1.00  6   2  0.77  1.75  0.15 -0.63  0.37 -1.60  0.10  0.09  0.00
  8 0.846921 0.856196   1.10 1.00  3   2  0.12  0.33  1.17 -0.82 -0.45  0.24  0.01  0.01  0.40
  9 0.856849 0.862838   0.70 1.00  5   2  0.72  1.20  1.07 -0.85 -0.41 -0.73  0.01  0.01  0.00
 10 0.864678 0.875610   1.26 1.00  8   2  0.09  0.05  0.11 -0.01 -0.10 -0.05  0.91  0.00  0.00
 11 0.909681 0.901587  -0.89 1.00  1   3  0.51  1.18  0.09 -0.17  0.03 -1.04  0.01  0.23  0.15
 12 0.921732 0.911485  -1.11 1.00  2   3  0.29  1.68  0.33 -1.01  0.39 -0.97  0.01  0.25  0.02
 13 0.947397 0.944967  -0.26 1.00  3   3  0.04  0.04  0.18 -0.06 -0.08 -0.01  0.00  0.00  0.89
 14 0.980208 0.987178   0.71 1.00  6   3  0.19  0.30  0.30 -0.33 -0.16  0.02  0.04  0.65  0.01
 15 0.984281 0.989132   0.49 1.00  5   3  1.60  1.33  0.18  0.37 -0.51 -1.98  0.00  0.00  0.00
 16 1.036662 1.034856  -0.17 1.00  3   4  0.11  0.11  0.11 -0.06 -0.06 -0.10  0.29  0.56  0.04
 17 1.073628 1.048930  -2.30 1.00  1   4  0.31  1.07  0.77 -0.86 -0.07 -0.50  0.00  0.22  0.06
 18 1.077002 1.107039   2.79 1.00  5   4  0.47  0.59  1.01 -0.87 -0.42 -0.03  0.01  0.19  0.04
 19 1.085988 1.112570   2.45 1.00  8   3  0.23  0.18  0.18 -0.12 -0.11 -0.17  0.11  0.49  0.20
 20 1.115193 1.130140   1.34 1.00  7   3  0.82  0.55  0.38 -0.28 -0.22 -0.67  0.03  0.08  0.30
 21 1.149409 1.140333  -0.79 1.00  1   5  0.36  0.10  0.58 -0.01 -0.55 -0.07  0.00  0.52  0.08
 22 1.157929 1.167450   0.82 1.00  6   4  0.41  0.81  1.09 -0.93 -0.41 -0.20  0.18  0.05  0.00
 23 1.190373 1.180838  -0.80 1.00  4   3  0.04  0.09  0.06 -0.02 -0.03 -0.07  0.33  0.16  0.44
 24 1.232922 1.192784  -3.26 1.00  2   4  0.21  0.31  0.53 -0.36 -0.24 -0.09  0.32  0.10  0.22
 25 1.253159 1.205944  -3.77 1.00  7   4  0.82  0.65  0.36 -0.20 -0.20 -0.82  0.22  0.01  0.16
 26 1.279772 1.257995  -1.70 1.00  8   4  1.31  0.23  0.30  0.29 -0.78 -0.71  0.25  0.01  0.09
 27 1.287404 1.287061  -0.03 1.00  5   5  1.41  0.98  0.24  0.21 -0.47 -1.45  0.04  0.01  0.02
 28 1.307846 1.295089  -0.98 1.00  6   5  0.58  0.96  0.28 -0.53  0.16 -0.85  0.14  0.18  0.08
 
Bulk Modulus=    2.7011
 
   c11     c22     c33     c23     c13     c12     c44     c55     c66
 7.66302 4.66246 2.79006 2.43950 2.96262 4.16791 1.00155 0.52133 1.00325
 
   d1       d2       d3
  0.22840  0.24230  0.24740
 
 loop# 2  rms error=  1.7070 %, changed by 0.0000011 %
 
 length of gradient vector=  0.000001  blamb=  0.000000
 
 eigenvalues          eigenvectors
      0.00006   0.61 0.08 0.70 0.24-0.06-0.26 0.08 0.08 0.04
      0.00251   0.35-0.57-0.41-0.19-0.15-0.48 0.00 0.29 0.11
      0.00490   0.23 0.45-0.37 0.38 0.08 0.18-0.14 0.61 0.17
      0.25935   0.29 0.11-0.43 0.48-0.04-0.14 0.26-0.61-0.17
      0.50390   0.39 0.53-0.14-0.71-0.06-0.03-0.05-0.17-0.05
      0.60912   0.47-0.41-0.02-0.06 0.22 0.72-0.14-0.11-0.06
      0.95403   0.00 0.00-0.01-0.14 0.75-0.09 0.62 0.11 0.11
      2.07376   0.00 0.01 0.00 0.01-0.02 0.03-0.09-0.30 0.95
      6.03061   0.00-0.01 0.00-0.07-0.59 0.34 0.70 0.17 0.10
 
chisquare increased 2% by the following % changes in independent parameters
 18.45 17.55 19.45 27.80 30.93 26.25  0.31 -0.35 -0.61
  0.36 -4.39  5.85  1.70  6.45 -3.58  0.00  0.39 -0.37
  2.35 -2.26 -3.45 -4.54 -1.26 -0.14 -0.22  0.00  0.06
